101730 99999  19400102    20.0  5    17.2  5  1021.0  5  9999.9  0    2.5  5   18.7  5   23.9  999.9    23.0    14.0   0.00I 999.9  000000		
101730 99999  19400103    29.4  5    25.6  5  1007.7  5  9999.9  0    9.9  5   14.2  5   18.1  999.9    34.0    12.0   0.00I 999.9  000000		
101730 99999  19400104    13.6  5    12.0  5  1015.1  5  9999.9  0    1.4  5    6.6  5    8.9  999.9    18.0    10.0   0.00I 999.9  000000		
101730 99999  19400105    14.2  5    11.6  5  1016.9  5  9999.9  0    1.2  5    5.1  5    5.1  999.9    21.0     5.0   0.00I 999.9  000000		
101730 99999  19400106    26.8  5    25.2  5  1021.4  5  9999.9  0    2.0  5    6.0  5    8.9  999.9    30.0    21.0   0.00I 999.9  000000		
101730 99999  19400107    18.4  5    15.6  5  1024.0  5  9999.9  0    1.5  5    6.6  5   13.0  999.9    21.0    14.0   0.00I 999.9  000000		
101730 99999  19400108    23.4  5    21.0  5  1030.8  5  9999.9  0    2.2  5   12.2  5   13.0  999.9    27.0    18.0   0.00I 999.9  000000		
101730 99999  19400109     6.8  5     2.3  5  1043.4  5  9999.9  0    3.2  5    7.4  5    8.9  999.9    12.0     3.0   0.00I 999.9  000000		
101730 99999  19400110     8.8  5     2.6  5  1046.8  5  9999.9  0    2.5  5    8.2  5    8.9  999.9    14.0     1.0   0.00I 999.9  000000		
101730 99999  19400111     7.0  5     0.0  5  1045.8  5  9999.9  0    3.2  5    7.5  5    8.9  999.9    14.0     1.0   0.00I 999.9  000000		
101730 99999  19400112    13.2  5     6.8  5  1040.0  5  9999.9  0    2.0  5    6.6  5    8.9  999.9    19.0     1.0   0.00I 999.9  000000		
101730 99999  19400113    29.8  5    27.9  5  1031.0  5  9999.9  0    0.8  5   18.2  5   23.9  999.9    34.0    12.0   0.00I 999.9  000000		
101730 99999  19400114    34.0  5    33.3  5  1021.9  5  9999.9  0    3.2  5   27.5  5   29.9  999.9    36.0    32.0   0.00I 999.9  000000		
101730 99999  19400115    34.0  4    33.5  4  1004.6  4  9999.9  0    1.1  4   27.5  4   36.9  999.9    37.0    32.0* 99.99  999.9  010000		
101730 99999  19400116    16.2  4    15.5  4  1005.4  4  9999.9  0    1.0  4   21.2  4   29.9  999.9    21.0*    9.0* 99.99  999.9  001000		
101730 99999  19400117    10.0  5     1.6  5  1015.1  5  9999.9  0   23.6  5    3.4  5    5.1  999.9    18.0     0.0   0.00I 999.9  000000		
101730 99999  19400118     5.0  5     0.2  5  1023.5  5  9999.9  0    3.2  5    3.8  5    8.9  999.9    12.0    -6.0   0.00I 999.9  000000		
101730 99999  19400119     7.2  5     3.2  5  1028.4  5  9999.9  0    2.5  5    2.6  5    5.1  999.9    16.0    -4.0  99.99  999.9  001000		
101730 99999  19400120    25.8  5    23.8  5  1014.7  5  9999.9  0    2.9  5   22.5  5   29.9  999.9    28.0     7.0  99.99  999.9  001000		
101730 99999  19400121    11.0  5     7.3  5  1008.9  5  9999.9  0    4.0  5    3.8  5    5.1  999.9    27.0     3.0* 99.99  999.9  001000		
101730 99999  19400122    22.8  5    22.4  5  1002.4  5  9999.9  0    0.5  5   13.6  5   23.9  999.9    27.0    12.0  99.99  999.9  001000		
101730 99999  19400123    16.0  5    13.2  5  1011.3  5  9999.9  0    2.0  5   10.6  5   13.0  999.9    28.0    14.0* 99.99  999.9  001000		
101730 99999  19400124    25.4  5    24.2  5  1023.8  5  9999.9  0    2.0  5    9.8  5   13.0  999.9    32.0    12.0   0.00I 999.9  000000		
101730 99999  19400125    22.0  5    20.4  5  1026.5  5  9999.9  0    1.2  5   13.4  5   18.1  999.9    27.0    12.0   0.00I 999.9  000000		
101730 99999  19400126    24.6  5    23.8  5  1023.7  5  9999.9  0    1.7  5    4.6  5    8.9  999.9    30.0     7.0  99.99  999.9  001000		
101730 99999  19400127    28.2  5    25.6  5  1020.5  5  9999.9  0    6.7  5   11.4  5   13.0  999.9    30.0    19.0  99.99  999.9  001000		
101730 99999  19400128    27.4  5    24.6  5  1023.4  5  9999.9  0    1.4  5    9.0  5   13.0  999.9    28.0    25.0  99.99  999.9  001000		
101730 99999  19400129    26.6  5    24.8  5  1025.1  5  9999.9  0    1.9  5    9.8  5   13.0  999.9    28.0    23.0  99.99  999.9  001000		
101730 99999  19400130    10.4  5     7.6  5  1027.1  5  9999.9  0    2.5  5   13.2  5   18.1  999.9    27.0     5.0   0.00I 999.9  000000		
101730 99999  19400131     4.2  5     1.4  5  1021.2  5  9999.9  0    5.5  5   14.0  5   18.1  999.9     9.0     1.0   0.00I 999.9  000000		
101730 99999  19400201     2.0  5    -1.4  5  1015.2  5  9999.9  0    4.0  5   11.4  5   13.0  999.9     7.0    -2.0*  0.00I 999.9  000000		
101730 99999  19400202     4.0  5     1.2  5  1019.2  5  9999.9  0    2.5  5    8.2  5    8.9  999.9     9.0    -6.0   0.00I 999.9  000000		
101730 99999  19400203     7.0  5     4.8  5  1022.4  5  9999.9  0    2.5  5    8.2  5    8.9  999.9    12.0    -9.0   0.00I 999.9  000000		
101730 99999  19400204    15.8  5    12.8  5  1017.6  5  9999.9  0    2.5  5    9.0  5   13.0  999.9    19.0    10.0   0.00I 999.9  000000		
101730 99999  19400205    13.6  5    10.8  5  1019.6  5  9999.9  0    2.5  5    8.9  5    8.9  999.9    18.0     9.0   0.00I 999.9  000000		
101730 99999  19400206    13.8  5     9.6  5  1023.2  5  9999.9  0    2.9  5   10.6  5   13.0  999.9    18.0     3.0  99.99  999.9  001000		
101730 99999  19400207    19.4  5    17.8  5  1019.7  5  9999.9  0    1.0  5    5.1  5    5.1  999.9    21.0    14.0  99.99  999.9  001000		
101730 99999  19400208    23.8  5    21.2  5  1016.7  5  9999.9  0    3.0  5   16.0  5   18.1  999.9    25.0    19.0  99.99  999.9  001000		
101730 99999  19400209    15.0  5    12.0  5  1022.7  5  9999.9  0    3.7  5    9.0  5   13.0  999.9    23.0     7.0* 99.99  999.9  001000		
101730 99999  19400210     6.4  5     3.8  5  1020.4  5  9999.9  0    5.5  5   12.2  5   13.0  999.9    10.0   -13.0   0.00I 999.9  000000		
101730 99999  19400211     8.2  5     7.0  5  1015.9  5  9999.9  0    1.0  5    9.0  5   13.0  999.9    10.0    -6.0  99.99  999.9  001000		
101730 99999  19400212    -0.4  5    -2.8  5  1018.2  5  9999.9  0    2.5  5   10.6  5   13.0  999.9    10.0    -6.0*  0.00I 999.9  000000		
101730 99999  19400213    14.8  5    11.8  5  1019.9  4  9999.9  0    3.0  5   10.0  5   18.1  999.9    27.0*   -4.0  99.99  999.9  001000		
101730 99999  19400214    22.2  5    20.2  5  1013.2  5  9999.9  0    2.0  5   14.6  5   23.9  999.9    27.0     3.0  99.99  999.9  001000		
101730 99999  19400215    16.0  4    13.2  4  1008.6  4  9999.9  0    0.9  4   19.7  4   23.9  999.9    18.0*   14.0* 99.99  999.9  001000		
101730 99999  19400216    10.6  5     6.9  5  1011.8  5  9999.9  0    2.5  5    6.0  5    8.9  999.9    16.0     1.0* 99.99  999.9  001000		
101730 99999  19400217    20.6  5    17.6  5  1004.9  5  9999.9  0    2.5  5    6.6  5    8.9  999.9    25.0    -4.0   0.00I 999.9  000000		
101730 99999  19400218    24.2  5    22.2  5  1010.7  5  9999.9  0    1.7  5    9.8  5   13.0  999.9    28.0    12.0  99.99  999.9  001000		
101730 99999  19400219    21.4  5    19.0  5  1010.6  5  9999.9  0    4.5  5    8.9  5    8.9  999.9    32.0    18.0*  0.00I 999.9  000000		
101730 99999  19400220     4.2  5     1.2  5  1033.1  5  9999.9  0    4.0  5    2.2  5    5.1  999.9    18.0   -11.0   0.00I 999.9  000000		
101730 99999  19400221    25.0  5    15.8  5  1027.3  5  9999.9  0    2.5  5   20.4  5   23.9  999.9    30.0     0.0   0.00I 999.9  000000		
101730 99999  19400222    33.2  4    23.0  4  1018.5  4  9999.9  0    2.5  4    6.2  4    8.9  999.9    39.0    25.0*  0.00I 999.9  000000		
101730 99999  19400223    37.6  5    35.2  5  1010.6  5  9999.9  0    1.9  5   13.0  5   13.0  999.9    43.0    28.0   0.00I 999.9  100000		
101730 99999  19400224    36.8  5    35.4  5  1000.6  4  9999.9  0    1.7  5   28.0  5   36.9  999.9    37.0    36.0  99.99  999.9  010000		
101730 99999  19400225    28.2  5    18.2  5  1025.3  5  9999.9  0   31.1  5    8.4  5   18.1  999.9    37.0    25.0   0.00I 999.9  000000		
101730 99999  19400226    25.2  5    18.4  5  1022.2  5  9999.9  0   12.4  5   15.2  5   18.1  999.9    30.0    16.0   0.00I 999.9  000000		
101730 99999  19400227    36.0  5    30.6  5  1010.8  5  9999.9  0    2.2  5   11.4  5   13.0  999.9    43.0    21.0   0.00I 999.9  000000		
101730 99999  19400228    39.0  5    37.6  5  1008.9  5  9999.9  0    1.2  5   14.4  5   23.9  999.9    43.0    36.0  99.99  999.9  110000		
101730 99999  19400229    32.6  5    30.6  5  1020.0  5  9999.9  0    5.1  5   16.2  5   23.9  999.9    43.0    28.0*  0.00I 999.9  100000		
101730 99999  19400301    27.6  5    20.2  5  1032.3  5  9999.9  0   23.6  5   13.4  5   18.1  999.9    32.0    23.0   0.00I 999.9  000000		
101730 99999  19400302    26.0  4    20.0  4  1036.0  4  9999.9  0   21.7  4   11.0  4   13.0  999.9    30.0    16.0   0.00I 999.9  000000		
101730 99999  19400303    33.5  4    32.5  4  1021.8  4  9999.9  0    1.6  4   30.4  4   36.9  999.9    36.0    27.0  99.99  999.9  010000		
101730 99999  19400304    35.2  4    33.5  4  1003.1  4  9999.9  0    2.5  4   38.7  4   43.9  999.9    39.0    32.0  99.99  999.9  010000		
101730 99999  19400305    28.8  5    27.4  5   996.6  5  9999.9  0    2.0  5   23.2  5   43.9  999.9    36.0    25.0* 99.99  999.9  001000		
101730 99999  19400306    23.5  4    20.5  4  1013.5  4  9999.9  0    4.3  4   13.3  4   18.1  999.9    28.0    18.0  99.99  999.9  001000		
101730 99999  19400307    26.2  5    22.8  5  1015.2  5  9999.9  0    6.7  5    9.0  5   13.0  999.9    30.0    19.0* 99.99  999.9  001000		
101730 99999  19400308    22.5  4    19.4  4  1021.0  4  9999.9  0    5.3  4    5.1  4    5.1  999.9    32.0    10.0   0.00I 999.9  000000		
101730 99999  19400309    33.0  4    32.0  4  1011.5  4  9999.9  0    1.1  4   25.7  4   36.9  999.9    36.0    18.0  99.99  999.9  011000		
101730 99999  19400310    31.5  4    27.1  4  1016.7  4  9999.9  0   21.7  4   17.4  4   23.9  999.9    36.0    28.0   0.00I 999.9  000000		
101730 99999  19400311    37.5  4    35.6  4  1006.9  4  9999.9  0    1.2  4   16.8  4   18.1  999.9    41.0    28.0  99.99  999.9  010000		
101730 99999  19400312    44.5  4    39.2  4   995.3  4  9999.9  0    3.4  4   19.7  4   23.9  999.9    50.0    37.0  99.99  999.9  010000		
101730 99999  19400313    44.7  4    43.3  4   984.0  4  9999.9  0    3.4  4   22.5  4   29.9  999.9    48.0    41.0  99.99  999.9  010000		
101730 99999  19400314    26.5  4    24.8  4   988.9  4  9999.9  0    1.1  4   14.5  4   18.1  999.9    46.0    25.0* 99.99  999.9  001000		
101730 99999  19400315    29.5  4    24.3  4  1008.2  4  9999.9  0    9.9  4   13.0  4   13.0  999.9    36.0    19.0  99.99  999.9  001000		
101730 99999  19400316    33.0  4    29.8  4  1011.3  4  9999.9  0    6.5  4   27.2  4   36.9  999.9    36.0    30.0  99.99  999.9  010100		
101730 99999  19400317    25.0  4    18.2  4  1031.0  4  9999.9  0   12.4  4    7.2  4   13.0  999.9    30.0    19.0   0.00I 999.9  000000		
101730 99999  19400319    34.5  4    30.5  4  1008.8  4  9999.9  0    3.4  4   23.9  4   29.9  999.9    37.0    28.0  99.99  999.9  010000		
101730 99999  19400320    38.3  4    35.6  4  1010.6  4  9999.9  0    4.3  4   10.0  4   13.0  999.9    43.0    32.0   0.00I 999.9  000000		
101730 99999  19400321    39.5  4    37.0  4  1009.7  4  9999.9  0    3.1  4   14.5  4   18.1  999.9    43.0    34.0  99.99  999.9  010000		
101730 99999  19400322    39.0  4    37.5  4  1013.5  4  9999.9  0    1.7  4    5.0  4    8.9  999.9    43.0    36.0   0.00I 999.9  000000		
101730 99999  19400323    36.0  5    34.8  5  1010.9  5  9999.9  0    1.1  5    8.9  5    8.9  999.9    41.0    34.0  99.99  999.9  110000		
101730 99999  19400324    33.0  4    30.5  4  1013.5  4  9999.9  0    2.5  4   10.0  4   13.0  999.9    36.0    30.0  99.99  999.9  010000		
101730 99999  19400325    38.8  4    37.3  4  1006.3  4  9999.9  0    1.6  4   14.3  4   18.1  999.9    43.0    32.0   0.00I 999.9  100000		
101730 99999  19400326    38.0  4    36.7  4   996.4  4  9999.9  0    1.2  4   12.2  4   18.1  999.9    41.0    36.0  99.99  999.9  010000		
101730 99999  19400327    37.0  4    34.2  4   989.3  4  9999.9  0    5.3  4   25.7  4   29.9  999.9    43.0    34.0* 99.99  999.9  010000		
101730 99999  19400328    35.5  4    30.5  4   995.0  4  9999.9  0    9.5  4   25.4  4   29.9  999.9    39.0    32.0  99.99  999.9  011100		
101730 99999  19400331    39.0  4    31.0  4  1024.9  4  9999.9  0    5.9  4   15.0  4   23.9  999.9    46.0*   27.0   0.00I 999.9  000000		
101730 99999  19400401    49.5  4    41.5  4  1017.8  4  9999.9  0    4.3  4   19.7  4   23.9  999.9    57.0    39.0  99.99  999.9  010000		
101730 99999  19400403    39.0  5    30.8  5  1009.4  5  9999.9  0    9.9  5    8.2  5    8.9  999.9    45.0    34.0   0.00I 999.9  000000		
101730 99999  19400404    33.5  4    26.5  4  1007.0  4  9999.9  0    6.5  4   19.7  4   23.9  999.9    39.0    30.0  99.99  999.9  001000		
101730 99999  19400405    34.6  5    27.6  5  1012.1  5  9999.9  0    9.9  5   20.6  5   23.9  999.9    41.0    30.0  99.99  999.9  001000		
101730 99999  19400406    37.4  5    25.4  5  1032.4  5  9999.9  0   22.4  5    9.8  5   13.0  999.9    43.0    27.0   0.00I 999.9  000000		
101730 99999  19400407    40.4  5    27.4  5  1031.7  5  9999.9  0   12.4  5    7.0  5   13.0  999.9    48.0    28.0   0.00I 999.9  000000		
101730 99999  19400408    38.8  5    26.0  5  1020.7  5  9999.9  0   19.9  5   12.7  5   23.9  999.9    46.0    30.0   0.00I 999.9  000000		
101730 99999  19400409    38.2  5    28.4  5  1016.3  5  9999.9  0    8.7  5    5.4  5    8.9  999.9    46.0    27.0   0.00I 999.9  000000		
101730 99999  19400410    39.0  6    28.8  6  1021.4  6  9999.9  0   12.4  6    9.9  6   18.1  999.9    46.0    28.0   0.00I 999.9  000000		
101730 99999  19400411    37.4  5    30.6  5  1021.2  5  9999.9  0    7.2  5   15.0  5   18.1  999.9    43.0    30.0   0.00I 999.9  000000		
101730 99999  19400412    34.8  5    25.4  5  1019.7  5  9999.9  0   23.6  5    7.0  5   13.0  999.9    43.0    25.0   0.00I 999.9  000000		
101730 99999  19400413    36.5  6    27.4  6  1014.1  6  9999.9  0   12.4  6   19.2  6   23.9  999.9    41.0    28.0   0.00I 999.9  000000		
101730 99999  19400415    41.4  5    38.6  5   993.4  5  9999.9  0    5.2  5   25.1  5   29.9  999.9    46.0    36.0  99.99  999.9  010000		
101730 99999  19400416    40.8  5    35.2  5   995.5  5  9999.9  0    7.2  5   22.7  5   23.9  999.9    48.0    36.0  99.99  999.9  011000		
101730 99999  19400417    41.8  5    36.8  5  1005.4  5  9999.9  0    6.7  5   10.2  5   18.1  999.9    54.0    36.0   0.00I 999.9  000000		
101730 99999  19400418    43.6  5    40.2  5  1009.6  5  9999.9  0    5.5  5    9.8  5   13.0  999.9    50.0    39.0  99.99  999.9  010000		
101730 99999  19400419    47.0  5    43.4  5  1008.1  5  9999.9  0    8.0  5   19.6  5   29.9  999.9    52.0    37.0  99.99  999.9  010000		
101730 99999  19400420    46.8  5    41.4  5  1018.0  5  9999.9  0    5.5  5   11.6  5   23.9  999.9    52.0    39.0   0.00I 999.9  000000		
101730 99999  19400421    55.8  4    48.8  4  1018.8  4  9999.9  0    3.4  4    5.4  4    8.9  999.9    63.0    41.0   0.00I 999.9  000000		
101730 99999  19400422    43.4  5    39.0  5  1021.4  5  9999.9  0    5.5  5    6.0  5    8.9  999.9    57.0    37.0   0.00I 999.9  000000		
101730 99999  19400423    42.8  4    32.0  4  1021.4  4  9999.9  0   14.6  4   18.7  4   23.9  999.9    57.0    32.0   0.00I 999.9  100000		
101730 99999  19400424    52.2  5    39.6  5  1011.5  5  9999.9  0   16.2  5   13.4  5   18.1  999.9    63.0    34.0   0.00I 999.9  000000		
101730 99999  19400425    51.0  5    45.0  5  1008.9  5  9999.9  0    9.2  5   13.2  5   18.1  999.9    63.0    41.0   0.00I 999.9  000000		
101730 99999  19400426    50.8  6    47.7  6  1012.5  6  9999.9  0    2.5  6    5.8  6    8.9  999.9    63.0    41.0  99.99  999.9  010000		
101730 99999  19400427    46.0  5    43.1  5  1015.7  5  9999.9  0    4.7  5   10.6  5   13.0  999.9    54.0    41.0  99.99  999.9  010000		
101730 99999  19400428    43.6  5    35.8  5  1019.9  5  9999.9  0    6.2  5   18.4  5   23.9  999.9    50.0    39.0  99.99  999.9  010000		
101730 99999  19400429    45.0  5    36.6  5  1022.4  5  9999.9  0    8.7  5   18.2  5   23.9  999.9    54.0    36.0   0.00I 999.9  000000		
101730 99999  19400430    48.2  5    34.0  5  1019.5  5  9999.9  0    9.9  5   15.2  5   18.1  999.9    55.0    39.0   0.00I 999.9  000000		
101730 99999  19400501    49.3  6    34.8  6  1016.6  6  9999.9  0   11.4  6   17.2  6   18.1  999.9    57.0    39.0   0.00I 999.9  000000		
101730 99999  19400502    54.3  6    40.3  6  1015.1  6  9999.9  0   11.4  6   17.2  6   18.1  999.9    63.0    41.0   0.00I 999.9  000000		
101730 99999  19400503    56.0  4    40.5  4  1013.1  4  9999.9  0   10.9  4   15.5  4   18.1  999.9    64.0*   45.0   0.00I 999.9  000000		
101730 99999  19400504    55.8  4    39.2  4  1012.2  4  9999.9  0    5.9  4   17.0  4   23.9  999.9    64.0    48.0*  0.00I 999.9  000000		
101730 99999  19400505    45.7  4    42.0  4  1016.4  4  9999.9  0    5.9  4   12.0  4   13.0  999.9    55.0    43.0* 99.99  999.9  010000		
101730 99999  19400506    43.0  5    41.9  5  1016.5  5  9999.9  0    1.5  5    4.4  5    5.1  999.9    45.0    41.0  99.99  999.9  110000		
101730 99999  19400507    45.8  5    43.2  5  1019.1  5  9999.9  0    2.2  5    4.6  5    8.9  999.9    50.0    41.0   0.00I 999.9  000000		
101730 99999  19400508    48.8  5    46.2  5  1021.1  5  9999.9  0    2.2  5    5.7  5    8.9  999.9    54.0    45.0   0.00I 999.9  000000		
101730 99999  19400509    52.4  5    45.4  5  1021.6  5  9999.9  0    5.5  5    3.2  5    5.1  999.9    59.0    46.0   0.00I 999.9  000000		
101730 99999  19400510    54.3  4    43.2  4  1019.9  4  9999.9  0    9.9  4    5.2  4    8.9  999.9    59.0    48.0*  0.00I 999.9  000000		
101730 99999  19400511    48.4  5    42.0  5  1017.1  5  9999.9  0   10.2  5   19.7  5   23.9  999.9    57.0    46.0  99.99  999.9  010000		
101730 99999  19400512    43.8  5    36.0  5  1017.3  5  9999.9  0   19.9  5   27.5  5   29.9  999.9    50.0    41.0   0.00I 999.9  000000		
101730 99999  19400513    45.0  5    36.8  5  1017.0  5  9999.9  0   16.2  5   21.6  5   23.9  999.9    48.0    36.0   0.00I 999.9  000000		
101730 99999  19400514    43.4  5    40.2  5  1015.8  5  9999.9  0    8.0  5    8.9  5    8.9  999.9    46.0    39.0  99.99  999.9  010000		
101730 99999  19400515    49.0  6    36.5  6  1015.6  6  9999.9  0   24.9  6    9.0  6   13.0  999.9    55.0    34.0   0.00I 999.9  000000		
101730 99999  19400516    43.5  4    39.5  4  1012.3  4  9999.9  0    9.3  4    7.0  4    8.9  999.9    50.0    41.0* 99.99  999.9  010000		
101730 99999  19400517    49.5  4    41.4  4  1018.0  4  9999.9  0    7.8  4    8.7  4   13.0  999.9    57.0    41.0*  0.00I 999.9  000000		
101730 99999  19400518    50.5  4    38.3  4  1021.3  4  9999.9  0   12.4  4   12.0  4   13.0  999.9    57.0    43.0*  0.00I 999.9  000000		
101730 99999  19400519    53.5  4    34.0  4  1021.3  4  9999.9  0   21.7  4   11.3  4   18.1  999.9    59.0    46.0*  0.00I 999.9  000000		
101730 99999  19400520    47.0  6    45.0  6  1015.5  6  9999.9  0    5.1  6   13.5  6   18.1  999.9    59.0    43.0  99.99  999.9  010000		
101730 99999  19400521    53.7  4    50.0  4  1016.1  4  9999.9  0    1.6  4    5.0  4    8.9  999.9    63.0    46.0*  0.00I 999.9  100000		
101730 99999  19400522    58.5  4    53.0  4  1014.6  4  9999.9  0    2.5  4    6.2  4    8.9  999.9    68.0    48.0*  0.00I 999.9  000000		
101730 99999  19400523    67.0  5    53.0  5  1014.1  5  9999.9  0    5.5  5   11.4  5   13.0  999.9    75.0    54.0*  0.00I 999.9  000000		
101730 99999  19400524    65.6  5    54.0  5  1014.6  5  9999.9  0    6.0  5    9.8  5   13.0  999.9    79.0    54.0*  0.00I 999.9  000010		
101730 99999  19400525    61.6  5    52.3  5  1019.5  5  9999.9  0    3.6  5    2.8  5    5.1  999.9    70.0    50.0   0.00I 999.9  000000		
101730 99999  19400526    68.3  6    56.0  6  1014.5  6  9999.9  0    2.5  6    8.5  6   13.0  999.9    77.0    52.0   0.00I 999.9  000000		
101730 99999  19400527    60.0  6    58.3  6  1011.9  6  9999.9  0    1.7  6    4.3  6    8.9  999.9    61.0    52.0  99.99  999.9  010000		
101730 99999  19400528    56.6  5    52.6  5  1014.5  5  9999.9  0    1.7  5    4.0  5    8.9  999.9    61.0    48.0   0.00I 999.9  100000		
101730 99999  19400529    59.8  6    56.2  6  1011.2  6  9999.9  0    2.9  6    7.6  6    8.9  999.9    68.0    52.0   0.00I 999.9  000000		
101730 99999  19400530    56.2  5    53.8  5  1010.9  5  9999.9  0    2.0  5    8.2  5    8.9  999.9    63.0    52.0  99.99  999.9  010000		
101730 99999  19400531    52.8  5    49.2  5  1014.8  5  9999.9  0   11.2  5   21.6  5   23.9  999.9    59.0    48.0   0.00I 999.9  000000		
101730 99999  19400601    53.6  5    40.6  5  1020.4  5  9999.9  0    6.0  5   15.0  5   18.1  999.9    57.0*   50.0  99.99  999.9  010000		
101730 99999  19400602    56.7  6    50.2  6  1023.3  6  9999.9  0    5.0  6   12.5  6   18.1  999.9    61.0    50.0   0.00I 999.9  000000		
101730 99999  19400603    56.7  6    53.5  6  1024.0  6  9999.9  0    7.7  6   12.3  6   13.0  999.9    61.0    52.0  99.99  999.9  010000		
101730 99999  19400604    60.0  6    55.2  6  1025.6  6  9999.9  0   12.4  6    9.8  6   13.0  999.9    64.0    54.0   0.00I 999.9  000000		
101730 99999  19400605    61.9  6    49.7  6  1027.5  6  9999.9  0   28.0  6    4.8  6    8.9  999.9    70.0    46.0   0.00I 999.9  000000		
101730 99999  19400606    63.8  6    55.2  6  1021.3  6  9999.9  0    9.3  6   11.3  6   18.1  999.9    70.0    54.0   0.00I 999.9  000000		
101730 99999  19400607    62.7  6    55.8  6  1015.5  6  9999.9  0    9.3  6   20.1  6   23.9  999.9    68.0    57.0   0.00I 999.9  000000		
101730 99999  19400608    62.2  6    50.5  6  1018.9  6  9999.9  0   12.4  6   10.3  6   13.0  999.9    73.0    50.0   0.00I 999.9  000000		
101730 99999  19400609    60.4  6    53.0  6  1012.5  6  9999.9  0   10.4  6   22.0  6   23.9  999.9    68.0    55.0  99.99  999.9  010000		
101730 99999  19400610    57.7  6    52.7  6  1013.1  6  9999.9  0    4.3  6   12.5  6   18.1  999.9    63.0    54.0  99.99  999.9  010000		
101730 99999  19400611    62.8  5    54.8  5  1015.2  5  9999.9  0    2.5  5    5.2  5    8.9  999.9    70.0    55.0*  0.00I 999.9  000000		
101730 99999  19400612    69.0  6    53.7  6  1011.4  6  9999.9  0    5.0  6    9.1  6   13.0  999.9    77.0    55.0  99.99  999.9  010010		
101730 99999  19400613    65.8  5    50.4  5  1010.5  5  9999.9  0   11.2  5   11.4  5   13.0  999.9    77.0    57.0   0.00I 999.9  000000		
101730 99999  19400614    64.7  6    55.6  6  1016.5  6  9999.9  0    4.8  6    7.6  6    8.9  999.9    70.0*   59.0   0.00I 999.9  000000		
101730 99999  19400615    62.2  6    48.5  6  1018.8  6  9999.9  0   12.4  6   13.9  6   18.1  999.9    70.0    52.0   0.00I 999.9  000000		
101730 99999  19400616    65.0  6    46.6  6  1020.5  6  9999.9  0   15.5  6   10.3  6   13.0  999.9    72.0    54.0   0.00I 999.9  000000		
101730 99999  19400617    63.8  6    47.4  6  1022.5  6  9999.9  0   21.7  6   11.7  6   13.0  999.9    70.0    48.0   0.00I 999.9  000000		
101730 99999  19400618    63.5  6    47.4  6  1022.6  6  9999.9  0   18.6  6    9.6  6   13.0  999.9    68.0    48.0   0.00I 999.9  000000		
101730 99999  19400619    63.5  6    48.4  6  1019.8  6  9999.9  0   15.5  6    5.3  6    8.9  999.9    70.0    50.0*  0.00I 999.9  000000		
101730 99999  19400620    69.9  6    53.0  6  1017.9  6  9999.9  0   24.9  6    7.3  6   13.0  999.9    77.0    50.0   0.00I 999.9  000000		
101730 99999  19400621    63.2  6    55.2  6  1011.9  6  9999.9  0    4.3  6   17.4  6   23.9  999.9    68.0    55.0   0.00I 999.9  100000		
101730 99999  19400622    60.7  6    53.0  6  1003.0  6  9999.9  0    3.1  6    8.3  6   13.0  999.9    68.0    52.0   0.00I 999.9  000000		
101730 99999  19400623    72.0  4    59.3  4   997.8  4  9999.9  0    4.3  4    8.5  4   18.1  999.9    82.0    57.0*  0.00I 999.9  000000		
101730 99999  19400624    69.0  5    59.6  5   998.3  5  9999.9  0    4.7  5    3.8  5    5.1  999.9    75.0    59.0   0.00I 999.9  000000		
101730 99999  19400625    69.3  6    62.4  6   996.6  6  9999.9  0    3.5  6   10.0  6   18.1  999.9    81.0    57.0  99.99  999.9  010000		
101730 99999  19400626    63.0  6    51.2  6  1005.6  6  9999.9  0   10.4  6   22.3  6   29.9  999.9    66.0    59.0  99.99  999.9  010000		
101730 99999  19400627    60.4  5    50.4  5  1018.5  5  9999.9  0   22.4  5    8.2  5    8.9  999.9    64.0    54.0*  0.00I 999.9  000000		
101730 99999  19400628    63.7  6    50.6  6  1026.2  6  9999.9  0   31.1  6   12.3  6   13.0  999.9    68.0    55.0   0.00I 999.9  000000		
101730 99999  19400629    65.7  6    56.1  6  1025.9  6  9999.9  0   12.4  6    6.3  6    8.9  999.9    72.0    59.0   0.00I 999.9  000000		
101730 99999  19400630    66.5  4    59.5  4  1025.6  4  9999.9  0   12.4  4    8.9  4    8.9  999.9    72.0    61.0   0.00I 999.9  000000		
101730 99999  19400701    68.2  6    54.3  6  1022.7  6  9999.9  0    8.3  6    8.9  6    8.9  999.9    72.0    61.0   0.00I 999.9  000000		
101730 99999  19400702    62.2  5    52.6  5  1017.4  5  9999.9  0   11.2  5   13.0  5   13.0  999.9    66.0*   57.0   0.00I 999.9  000000		
101730 99999  19400703    65.2  6    56.7  6  1006.8  6  9999.9  0    4.3  6    6.2  6   13.0  999.9    75.0    52.0  99.99  999.9  010000		
101730 99999  19400704    62.2  5    57.6  5  1003.7  5  9999.9  0    2.2  5    9.8  5   13.0  999.9    68.0    57.0   0.00I 999.9  000000		
101730 99999  19400705    59.8  6    50.9  6  1009.4  6  9999.9  0   11.4  6   11.7  6   13.0  999.9    64.0    50.0   0.00I 999.9  000000		
101730 99999  19400706    62.5  6    55.5  6  1011.2  6  9999.9  0    4.8  6    7.7  6   13.0  999.9    70.0    50.0  99.99  999.9  010000		
101730 99999  19400707    71.5  4    61.5  4  1005.3  4  9999.9  0    6.2  4   12.8  4   18.1  999.9    81.0    57.0   0.00I 999.9  000000		
101730 99999  19400708    60.2  5    57.6  5  1009.5  5  9999.9  0    3.2  5    9.8  5   13.0  999.9    61.0*   57.0  99.99  999.9  010000		
101730 99999  19400709    64.0  4    59.0  4  1019.1  4  9999.9  0    5.9  4    9.2  4   13.0  999.9    70.0    55.0   0.00I 999.9  000000		
101730 99999  19400710    65.8  5    58.6  5  1021.3  5  9999.9  0    6.7  5    6.8  5    8.9  999.9    72.0    55.0   0.00I 999.9  000000		
101730 99999  19400711    71.0  5    60.4  5  1013.9  5  9999.9  0   12.4  5   10.6  5   13.0  999.9    79.0    55.0   0.00I 999.9  000010		
101730 99999  19400712    67.5  4    62.5  4  1008.7  4  9999.9  0    8.4  4   11.2  4   18.1  999.9    73.0*   61.0  99.99  999.9  010000		
101730 99999  19400713    59.0  4    54.5  4  1010.7  4  9999.9  0    5.9  4   24.0  4   29.9  999.9    61.0*   57.0* 99.99  999.9  010000		
101730 99999  19400714    64.4  5    54.4  5  1014.0  5  9999.9  0    6.7  5   12.4  5   18.1  999.9    68.0    55.0  99.99  999.9  010000		
101730 99999  19400715    66.5  6    53.5  6  1013.8  6  9999.9  0    9.3  6    4.5  6    8.9  999.9    72.0    52.0   0.00I 999.9  000000		
101730 99999  19400716    68.0  6    56.7  6  1007.9  6  9999.9  0    8.3  6    6.3  6   13.0  999.9    75.0    52.0   0.00I 999.9  000000		
101730 99999  19400717    66.5  6    58.5  6  1006.1  6  9999.9  0   10.4  6    4.5  6    8.9  999.9    73.0    55.0   0.00I 999.9  000000		
101730 99999  19400718    64.4  5    57.2  5  1008.7  5  9999.9  0    2.1  5   10.8  5   18.1  999.9    70.0    59.0  99.99  999.9  010000		
101730 99999  19400719    63.6  5    54.6  5  1013.5  5  9999.9  0    5.5  5   13.2  5   18.1  999.9    68.0*   54.0   0.00I 999.9  000000		
101730 99999  19400720    69.5  4    58.5  4  1014.4  4  9999.9  0    6.2  4   10.5  4   18.1  999.9    72.0*   59.0   0.00I 999.9  000000		
101730 99999  19400722    59.0  4    53.0  4  1009.9  4  9999.9  0    8.4  4   13.0  4   13.0  999.9    64.0*   52.0   0.00I 999.9  000000		
101730 99999  19400723    61.2  6    53.0  6  1012.5  6  9999.9  0   15.1  6   14.9  6   18.1  999.9    64.0    54.0  99.99  999.9  010000		
101730 99999  19400724    61.7  6    51.0  6  1012.8  6  9999.9  0   24.9  6    3.0  6    8.9  999.9    66.0    54.0   0.00I 999.9  000000		
101730 99999  19400725    59.7  6    55.3  6  1008.7  6  9999.9  0    5.2  6   10.5  6   18.1  999.9    66.0    55.0  99.99  999.9  010010		
101730 99999  19400726    57.6  5    54.0  5  1008.4  5  9999.9  0    3.2  5    5.0  5    8.9  999.9    63.0    52.0  99.99  999.9  010000		
101730 99999  19400727    61.0  6    53.0  6  1012.1  6  9999.9  0   18.6  6   17.4  6   23.9  999.9    64.0    55.0  99.99  999.9  010000		
101730 99999  19400728    59.8  5    50.2  5  1011.9  5  9999.9  0   11.2  5   29.9  5   29.9  999.9    63.0    55.0  99.99  999.9  010000		
101730 99999  19400729    58.7  6    51.7  6  1013.3  6  9999.9  0    9.7  6   26.9  6   29.9  999.9    63.0    54.0  99.99  999.9  010000		
101730 99999  19400730    59.3  6    52.7  6  1015.9  6  9999.9  0   11.4  6   22.0  6   29.9  999.9    63.0    54.0   0.00I 999.9  000000		
101730 99999  19400731    61.0  5    57.2  5  1014.1  5  9999.9  0    7.2  5   27.5  5   29.9  999.9    64.0    57.0  99.99  999.9  010000		
101730 99999  19400801    62.0  5    58.8  5  1019.7  5  9999.9  0    6.0  5   13.2  5   18.1  999.9    68.0    59.0   0.00I 999.9  000000		
101730 99999  19400802    63.8  5    53.6  5  1024.8  5  9999.9  0   21.6  5    3.6  5    8.9  999.9    72.0    48.0   0.00I 999.9  100000		
101730 99999  19400803    65.8  6    53.7  6  1025.5  6  9999.9  0   21.7  6    5.3  6    8.9  999.9    72.0    54.0   0.00I 999.9  000000		
101730 99999  19400804    64.0  6    60.4  6  1023.9  6  9999.9  0    4.3  6    6.5  6    8.9  999.9    72.0    55.0   0.00I 999.9  100000		
101730 99999  19400805    68.0  5    60.2  5  1018.7  5  9999.9  0    7.5  5    6.8  5    8.9  999.9    79.0    55.0   0.00I 999.9  100000		
101730 99999  19400806    66.2  5    61.0  5  1008.2  5  9999.9  0    4.0  5   10.8  5   18.1  999.9    75.0    55.0   0.00I 999.9  000000		
101730 99999  19400807    62.6  5    53.4  5  1012.1  5  9999.9  0   12.4  5   10.8  5   18.1  999.9    68.0    59.0  99.99  999.9  010000		
101730 99999  19400808    63.8  6    56.5  6  1013.9  6  9999.9  0    3.5  6   11.4  6   18.1  999.9    68.0    55.0  99.99  999.9  010000		
101730 99999  19400809    59.4  5    56.4  5  1014.1  5  9999.9  0    4.5  5   13.4  5   18.1  999.9    64.0    55.0  99.99  999.9  010000		
101730 99999  19400810    69.0  5    61.4  5  1012.2  5  9999.9  0    2.0  5    9.8  5   13.0  999.9    79.0    59.0   0.00I 999.9  000000		
101730 99999  19400811    62.8  6    56.5  6  1009.7  6  9999.9  0    6.8  6   19.2  6   23.9  999.9    66.0    59.0  99.99  999.9  010000		
101730 99999  19400812    59.0  6    54.5  6  1014.5  6  9999.9  0    6.6  6   23.0  6   29.9  999.9    63.0    54.0  99.99  999.9  010000		
101730 99999  19400813    57.8  5    51.7  5  1018.2  5  9999.9  0    8.5  5    6.2  5   13.0  999.9    63.0    52.0   0.00I 999.9  000000		
101730 99999  19400814    59.0  5    54.6  5  1015.8  5  9999.9  0    4.0  5   11.4  5   13.0  999.9    63.0    54.0  99.99  999.9  010000		
101730 99999  19400815    58.3  6    55.5  6  1015.6  6  9999.9  0    7.3  6    9.2  6   18.1  999.9    63.0    54.0  99.99  999.9  010000		
101730 99999  19400816    59.1  6    50.8  6  1020.0  6  9999.9  0   19.9  6   22.1  6   29.9  999.9    63.0    52.0  99.99  999.9  010000		
101730 99999  19400817    58.6  5    56.4  5  1022.3  5  9999.9  0    4.5  5   20.4  5   23.9  999.9    61.0*   55.0  99.99  999.9  010000		
101730 99999  19400818    59.5  4    53.6  4  1019.5  4  9999.9  0    6.8  4   15.5  4   18.1  999.9    63.0*   55.0   0.00I 999.9  000000		
101730 99999  19400819    57.8  5    52.3  5  1009.5  5  9999.9  0   12.4  5   11.4  5   13.0  999.9    59.0*   54.0  99.99  999.9  010000		
101730 99999  19400820    57.2  6    50.5  6  1006.0  6  9999.9  0   12.4  6   19.2  6   23.9  999.9    61.0    52.0  99.99  999.9  010000		
101730 99999  19400821    56.3  6    51.9  6   993.2  6  9999.9  0    7.5  6   12.9  6   18.1  999.9    63.0    48.0  99.99  999.9  010000		
101730 99999  19400822    55.0  6    53.2  6   991.6  6  9999.9  0    2.1  6   22.4  6   29.9  999.9    59.0    50.0  99.99  999.9  010000		
101730 99999  19400823    56.3  4    51.8  4   993.1  4  9999.9  0    6.2  4   31.9  4   36.9  999.9    63.0*   52.0* 99.99  999.9  010000		
101730 99999  19400824    57.5  4    54.1  4   996.4  4  9999.9  0    4.0  4   36.9  4   36.9  999.9    59.0*   48.0  99.99  999.9  010000		
101730 99999  19400825    57.0  5    51.4  5  1015.3  5  9999.9  0    7.6  5   23.9  5   29.9  999.9    61.0*   50.0  99.99  999.9  010000		
101730 99999  19400826    60.2  5    54.4  5  1022.2  5  9999.9  0    2.5  5   12.2  5   13.0  999.9    64.0    55.0   0.00I 999.9  000000		
101730 99999  19400827    60.8  6    55.5  6  1019.3  6  9999.9  0    2.6  6    8.3  6   13.0  999.9    64.0*   55.0  99.99  999.9  010000		
101730 99999  19400828    55.2  6    44.7  6  1022.0  6  9999.9  0   18.6  6   26.9  6   29.9  999.9    59.0    50.0   0.00I 999.9  000000		
101730 99999  19400829    49.2  5    47.2  5  1014.5  5  9999.9  0    4.0  5   12.4  5   18.1  999.9    50.0*   46.0  99.99  999.9  010000		
101730 99999  19400830    53.3  6    47.0  6  1018.2  6  9999.9  0   10.4  6   14.7  6   18.1  999.9    57.0    46.0  99.99  999.9  010000		
101730 99999  19400831    52.5  4    49.8  4  1025.6  4  9999.9  0    5.0  4   12.2  4   18.1  999.9    54.0*   46.0  99.99  999.9  010000		
101730 99999  19400901    59.4  5    52.8  5  1016.6  5  9999.9  0    5.2  5   31.5  5   36.9  999.9    61.0*   50.0   0.00I 999.9  000000		
101730 99999  19400902    56.5  6    50.8  6  1016.6  6  9999.9  0   11.4  6   18.2  6   23.9  999.9    61.0    52.0  99.99  999.9  010000		
101730 99999  19400903    55.5  6    49.2  6  1017.6  6  9999.9  0   10.4  6   25.9  6   29.9  999.9    59.0    52.0   0.00I 999.9  000000		
101730 99999  19400904    53.7  6    44.0  6  1025.2  6  9999.9  0   10.4  6    8.4  6   13.0  999.9    57.0    50.0   0.00I 999.9  000000		
101730 99999  19400905    59.7  6    49.8  6  1023.7  6  9999.9  0    3.7  6    6.5  6    8.9  999.9    70.0    41.0   0.00I 999.9  000000		
101730 99999  19400906    58.7  6    54.5  6  1018.4  6  9999.9  0    4.8  6   14.2  6   18.1  999.9    63.0    55.0   0.00I 999.9  000000		
101730 99999  19400907    59.0  5    53.4  5  1012.8  5  9999.9  0    3.2  5   19.6  5   29.9  999.9    64.0*   52.0   0.00I 999.9  000000		
101730 99999  19400908    60.0  5    55.2  5  1004.9  5  9999.9  0    2.5  5   15.4  5   23.9  999.9    64.0*   55.0  99.99  999.9  010000		
101730 99999  19400909    54.4  6    47.9  6  1010.1  6  9999.9  0    9.1  6    7.6  6    8.9  999.9    57.0    48.0   0.00I 999.9  000000		
101730 99999  19400910    54.4  6    47.3  6  1014.2  6  9999.9  0   21.7  6    6.0  6    8.9  999.9    59.0    45.0   0.00I 999.9  000000		
101730 99999  19400911    54.0  6    44.8  6  1011.5  6  9999.9  0   12.4  6   19.2  6   23.9  999.9    55.0    52.0   0.00I 999.9  000000		
101730 99999  19400912    53.3  6    44.8  6  1015.9  6  9999.9  0   11.4  6   23.9  6   29.9  999.9    55.0    50.0   0.00I 999.9  000000		
101730 99999  19400913    50.0  6    47.7  6  1008.0  6  9999.9  0    2.2  6   14.9  6   18.1  999.9    54.0    43.0  99.99  999.9  010000		
101730 99999  19400914    51.6  6    47.4  6   995.8  6  9999.9  0    7.7  6   16.7  6   23.9  999.9    55.0    48.0* 99.99  999.9  010100		
101730 99999  19400915    51.2  5    43.6  5   995.7  5  9999.9  0    4.0  5    6.0  5    8.9  999.9    57.0*   41.0   0.00I 999.9  000000		
101730 99999  19400916    53.3  6    47.7  6  1002.5  6  9999.9  0   11.4  6   20.0  6   23.9  999.9    55.0    48.0  99.99  999.9  010000		
101730 99999  19400917    49.4  5    48.2  5  1004.9  5  9999.9  0    2.2  5   12.4  5   23.9  999.9    57.0    43.0  99.99  999.9  010000		
101730 99999  19400918    57.4  6    49.3  6  1006.9  6  9999.9  0    5.6  6   23.1  6   29.9  999.9    61.0    54.0  99.99  999.9  010000		
101730 99999  19400919    57.0  6    50.4  6  1012.7  6  9999.9  0    5.6  6   13.3  6   18.1  999.9    63.0    48.0   0.00I 999.9  000000		
101730 99999  19400920    59.6  5    54.6  5  1002.3  5  9999.9  0    3.2  5   16.6  5   23.9  999.9    64.0*   55.0  99.99  999.9  010000		
101730 99999  19400921    57.0  5    50.2  5  1008.3  5  9999.9  0    9.9  5   17.1  5   18.1  999.9    61.0*   52.0   0.00I 999.9  000000		
101730 99999  19400922    53.4  5    49.8  5  1017.8  5  9999.9  0    7.5  5    4.2  5    8.9  999.9    57.0*   46.0   0.00I 999.9  100000		
101730 99999  19400923    58.5  6    54.9  6  1012.5  6  9999.9  0    4.1  6   13.5  6   23.9  999.9    63.0    48.0  99.99  999.9  010000		
101730 99999  19400924    55.3  6    49.5  6  1015.6  6  9999.9  0    6.0  6    8.3  6    8.9  999.9    61.0    46.0  99.99  999.9  010000		
101730 99999  19400925    52.0  6    47.3  6  1012.0  6  9999.9  0    4.1  6   18.6  6   23.9  999.9    55.0    45.0   0.00I 999.9  000000		
101730 99999  19400926    52.4  5    45.6  5  1016.6  5  9999.9  0    7.6  5   25.1  5   29.9  999.9    54.0*   46.0  99.99  999.9  010000		
101730 99999  19400927    49.0  6    45.7  6  1013.6  6  9999.9  0    3.7  6   22.6  6   29.9  999.9    52.0    45.0  99.99  999.9  010000		
101730 99999  19400928    50.3  6    43.7  6  1001.1  6  9999.9  0   11.4  6   30.4  6   36.9  999.9    52.0    48.0  99.99  999.9  010000		
101730 99999  19400929    45.9  6    38.0  6  1018.8  6  9999.9  0   21.7  6    9.7  6   13.0  999.9    46.0*   45.0   0.00I 999.9  000000		
101730 99999  19400930    45.5  6    39.6  6  1026.6  6  9999.9  0   12.5  6    3.3  6    8.9  999.9    52.0    36.0   0.00I 999.9  100000		
101730 99999  19401001    44.7  6    37.3  6  1025.1  6  9999.9  0    8.9  6    2.3  6    5.1  999.9    54.0    30.0   0.00I 999.9  000000		
101730 99999  19401002    50.4  5    41.4  5  1022.6  5  9999.9  0   12.9  5    8.4  5   13.0  999.9    57.0*   37.0   0.00I 999.9  000000		
101730 99999  19401003    52.0  6    49.7  6  1019.0  6  9999.9  0    5.0  6   14.2  6   18.1  999.9    54.0    37.0  99.99  999.9  010000		
101730 99999  19401004    51.3  6    50.0  6  1020.8  6  9999.9  0    0.7  6    3.9  6    8.9  999.9    52.0    50.0  99.99  999.9  110000		
101730 99999  19401005    52.0  6    48.7  6  1015.0  6  9999.9  0    3.5  6   14.2  6   18.1  999.9    55.0    46.0  99.99  999.9  010000		
101730 99999  19401006    52.3  6    50.8  6  1008.0  6  9999.9  0    2.1  6   24.0  6   29.9  999.9    55.0    46.0  99.99  999.9  010000		
101730 99999  19401007    55.0  5    51.8  5   996.2  5  9999.9  0    5.5  5   28.7  5   29.9  999.9    59.0*   52.0* 99.99  999.9  010000		
101730 99999  19401008    51.5  6    46.2  6  1012.8  6  9999.9  0    5.0  6   18.5  6   23.9  999.9    55.0    46.0  99.99  999.9  010000		
101730 99999  19401009    50.7  6    45.3  6  1008.2  6  9999.9  0    2.9  6   10.3  6   13.0  999.9    59.0    37.0  99.99  999.9  010000		
101730 99999  19401010    56.0  6    53.7  6  1008.0  6  9999.9  0    4.3  6    8.3  6   13.0  999.9    59.0    52.0   0.00I 999.9  000000		
101730 99999  19401011    51.0  5    48.6  5  1014.8  5  9999.9  0    3.2  5    4.4  5    5.1  999.9    55.0*   45.0   0.00I 999.9  000000		
101730 99999  19401012    50.8  5    49.8  5  1018.6  5  9999.9  0    1.3  5    8.8  5   18.1  999.9    52.0*   45.0  99.99  999.9  110000		
101730 99999  19401013    52.6  5    49.8  5  1022.6  5  9999.9  0    2.5  5    5.4  5   13.0  999.9    55.0*   50.0   0.00I 999.9  000000		
101730 99999  19401014    52.5  6    50.0  6  1017.1  6  9999.9  0    1.9  6   11.4  6   18.1  999.9    55.0    48.0   0.00I 999.9  000000		
101730 99999  19401015    50.5  6    45.8  6  1020.4  6  9999.9  0    3.1  6   11.0  6   13.0  999.9    57.0    43.0   0.00I 999.9  000000		
101730 99999  19401016    50.8  6    44.5  6  1024.2  6  9999.9  0    4.3  6   11.0  6   13.0  999.9    57.0    45.0   0.00I 999.9  000000		
101730 99999  19401017    45.8  6    39.8  6  1022.1  6  9999.9  0    3.1  6   16.5  6   23.9  999.9    52.0    39.0   0.00I 999.9  000000		
101730 99999  19401018    44.8  6    37.2  6  1019.6  6  9999.9  0    4.3  6   14.9  6   18.1  999.9    52.0    36.0   0.00I 999.9  000000		
101730 99999  19401019    45.7  6    40.2  6  1017.6  6  9999.9  0    3.1  6    7.8  6   13.0  999.9    52.0    37.0   0.00I 999.9  000000		
101730 99999  19401020    42.3  6    37.7  6  1016.9  6  9999.9  0    2.3  6    6.3  6    8.9  999.9    50.0*   34.0   0.00I 999.9  000000		
101730 99999  19401021    42.2  5    38.0  5  1014.5  5  9999.9  0    3.2  5    6.8  5    8.9  999.9    45.0*   34.0   0.00I 999.9  000000		
101730 99999  19401022    39.7  4    33.3  4  1016.9  4  9999.9  0    5.3  4    9.0  4   13.0  999.9    48.0*   32.0   0.00I 999.9  000000		
101730 99999  19401023    43.6  6    39.0  6  1019.6  6  9999.9  0    9.7  6   10.3  6   13.0  999.9    45.0    41.0  99.99  999.9  010000		
101730 99999  19401024    39.8  6    30.3  6  1014.5  6  9999.9  0   11.4  6    6.5  6    8.9  999.9    45.0    34.0   0.00I 999.9  000000		
101730 99999  19401025    40.0  6    33.8  6  1011.2  6  9999.9  0   11.4  6    9.6  6   13.0  999.9    43.0    36.0  99.99  999.9  010100		
101730 99999  19401026    40.3  6    34.3  6  1011.8  6  9999.9  0   12.4  6   10.3  6   13.0  999.9    45.0    37.0  99.99  999.9  010000		
101730 99999  19401027    38.6  5    30.6  5  1015.7  5  9999.9  0   12.4  5    2.8  5    5.1  999.9    43.0*   34.0   0.00I 999.9  000000		
101730 99999  19401028    38.6  5    33.6  5  1024.5  5  9999.9  0   10.4  5    3.8  5    8.9  999.9    45.0*   28.0  99.99  999.9  010000		
101730 99999  19401031    34.6  5    29.6  5  1014.8  5  9999.9  0    2.2  5   12.4  5   18.1  999.9    37.0*   32.0   0.00I 999.9  000000		
101730 99999  19401101    48.7  4    44.6  4  1001.6  4  9999.9  0    4.3  4   25.9  4   36.9  999.9    52.0*   43.0*  0.00I 999.9  000000		
101730 99999  19401102    44.2  5    41.8  5  1007.4  5  9999.9  0    4.0  5    9.0  5   13.0  999.9    48.0*   37.0   0.02E 999.9  110000		
101730 99999  19401103    49.2  5    44.2  5   988.8  5  9999.9  0    4.7  5   27.7  5   36.9  999.9    50.0*   45.0   0.59E 999.9  010000		
101730 99999  19401104    44.3  6    39.0  6   994.3  6  9999.9  0    8.7  6   10.2  6   18.1  999.9    46.0*   43.0   0.00I 999.9  000000		
101730 99999  19401105    41.5  6    34.5  6  1009.2  6  9999.9  0    8.7  6    7.0  6    8.9  999.9    48.0    37.0   0.02E 999.9  010000		
101730 99999  19401106    38.8  4    37.0  4  1005.1  4  9999.9  0    1.6  4   12.0  4   13.0  999.9    41.0*   34.0  99.99  999.9  110000		
101730 99999  19401109    36.7  6    34.0  6  1017.3  6  9999.9  0    3.1  6    6.0  6    8.9  999.9    39.0    28.0   0.35F 999.9  000000		
101730 99999  19401110    37.7  6    33.5  6  1010.1  6  9999.9  0    3.1  6   17.4  6   23.9  999.9    52.0    32.0   0.01E 999.9  000000		
101730 99999  19401111    40.5  4    37.0  4  1003.8  4  9999.9  0    3.4  4    8.0  4   13.0  999.9    45.0*   37.0* 99.99  999.9  010000		
101730 99999  19401112    44.2  5    42.0  5   981.4  5  9999.9  0    3.7  5   22.3  5   29.9  999.9    48.0*   36.0   0.16E 999.9  010000		
101730 99999  19401113    46.6  5    41.8  5   982.6  5  9999.9  0    6.0  5   22.9  5   29.9  999.9    48.0*   45.0   0.02E 999.9  010000		
101730 99999  19401114    46.7  6    42.2  6   982.6  6  9999.9  0    5.6  6   28.4  6   36.9  999.9    54.0*   43.0*  0.12F 999.9  010000		
101730 99999  19401115    42.2  5    38.2  5   997.5  5  9999.9  0    6.0  5   13.8  5   23.9  999.9    46.0    41.0   0.02E 999.9  000000		
101730 99999  19401116    35.6  5    34.6  5   999.7  5  9999.9  0    1.3  5    7.4  5    8.9  999.9    41.0*   30.0   0.00I 999.9  100000		
101730 99999  19401117    40.7  6    38.5  6   993.5  6  9999.9  0    1.7  6   19.0  6   23.9  999.9    43.0    36.0   0.00I 999.9  100000		
101730 99999  19401118    42.6  5    41.3  5   993.5  5  9999.9  0    1.6  5    6.6  5    8.9  999.9    43.0*   41.0   0.08E 999.9  000000		
101730 99999  19401119    40.2  5    37.8  5  1004.2  5  9999.9  0    2.0  5    5.8  5    8.9  999.9    46.0*   30.0   0.00I 999.9  000000		
101730 99999  19401120    37.0  6    35.4  6  1008.6  6  9999.9  0    1.2  6   10.5  6   18.1  999.9    43.0    30.0   0.00I 999.9  000000		
101730 99999  19401121    44.2  5    40.6  5  1010.8  5  9999.9  0    2.5  5   15.4  5   23.9  999.9    50.0*   37.0*  0.12E 999.9  010000		
101730 99999  19401122    52.0  5    49.2  5  1013.2  5  9999.9  0    3.2  5    7.4  5    8.9  999.9    54.0*   50.0* 99.99  999.9  010000		
101730 99999  19401123    42.6  5    40.4  5  1025.4  5  9999.9  0   11.2  5    7.4  5    8.9  999.9    45.0*   39.0*  0.02E 999.9  000000		
101730 99999  19401124    38.2  5    36.6  5  1026.5  5  9999.9  0    1.4  5    7.4  5    8.9  999.9    43.0*   34.0   0.00I 999.9  000000		
101730 99999  19401125    46.0  5    43.8  5  1028.1  5  9999.9  0    2.2  5   16.0  5   18.1  999.9  9999.9    43.0   0.01E 999.9  000000		
101730 99999  19401126    48.4  6    43.5  6  1021.7  6  9999.9  0    3.1  6   31.2  6   36.9  999.9    50.0    46.0   0.02E 999.9  010000		
101730 99999  19401127    42.0  6    38.4  6  1012.6  6  9999.9  0    2.3  6   18.3  6   23.9  999.9    45.0    39.0*  0.02E 999.9  010000		
101730 99999  19401128    41.4  5    36.8  5  1012.7  5  9999.9  0    8.7  5   17.9  5   29.9  999.9    43.0*   37.0   0.02E 999.9  010000		
101730 99999  19401129    36.2  6    31.4  6  1022.3  6  9999.9  0    6.0  6    5.3  6    8.9  999.9    39.0*   34.0   0.01E 999.9  000000		
101730 99999  19401130    32.7  6    26.0  6  1035.9  6  9999.9  0    9.3  6    3.5  6    5.1  999.9    37.0    27.0   0.02E 999.9  000000		
101730 99999  19401201    29.7  6    24.7  6  1032.4  6  9999.9  0    3.5  6   10.3  6   13.0  999.9    32.0*   25.0   0.00I 999.9  000000		
101730 99999  19401202    36.0  6    31.3  6  1019.1  6  9999.9  0    2.5  6   20.3  6   29.9  999.9    41.0    32.0*  0.05F 999.9  110000		
101730 99999  19401203    39.6  5    37.4  5  1023.6  5  9999.9  0    3.0  5   18.2  5   23.9  999.9    43.0*   36.0*  0.02E 999.9  000000		
101730 99999  19401204    37.7  6    36.1  6  1015.4  6  9999.9  0    0.9  6   13.3  6   18.1  999.9    39.0    32.0   0.06F 999.9  010000		
101730 99999  19401205    38.8  6    36.0  6   992.7  6  9999.9  0    3.3  6   24.0  6   29.9  999.9    43.0    34.0*  0.20F 999.9  010000		
